2451298
2452483
2450886
2450997
2452541
2450945
2451386
2451063
2451276
2452545
2451099
2451360
2451681
2451884
2452165
2451525
2452350
2451894
2452288
2452075
2451485
2452125
2452103
2452334
2451491
2452426
2451165
2451430
2451143
2451210
2452575
2451187
2450842
2451159
2451364
2452531
2450975
2451752
2452364
2451806
2451808
2451890
2451675
2451567
2452029
2451701
2451495
2452430
2452408
2451412
2451206
2452497
2450844
2451228
2451025
2451306
2451368
2450963
2451173
2451250
2451738
2452001
2451543
2451615
2452173
2452260
2451712
2452155
2452217
2452240
2451499
2452404
2451477
2452195
2451928
2452312
2451202
2451280
2451129
2452579
2451023
2450926
2451107
2451346
2451113
2450880
2451457
2452328
2451621
2451519
2452310
2452077
2452356
2451595
2452015
2451581
2452021
2451932
2451120
2452586
2452536
2451253
2452614
2451201
2451176
2451411
2451319
2451148
2450925
2451546
2451976
2451937
2452421
2451500
2452094
2452247
2452447
2451648
2451947
2452331
2452253
2451747
2451243
2451293
2452632
2451174
2450887
2451196
2452518
2451032
2451377
2451052
2451108
2450847
2451596
2451941
2452190
2451552
2452315
2451696
2452208
2452130
2452463
2451540
2452124
2451534
2452046
2452355
2452305
2452152
2451301
2451012
2451337
2452510
2451168
2452122
2451845
2451799
2451743
2451620
2452050
2451600
2451833
2452367
2451805
2452373
2452423
2451630
2452451
2451466
2451544
2451385
2451060
2452490
2450895
2451407
2451297
2451080
2451223
2451213
2451241
2451923
2451841
2452353
2451688
2452471
2452054
2451570
2451723
2452235
2451887
2451893
2452327
2452597
2451348
2452505
2452555
2450961
2451027
2452525
2451230
2452499
2451145
2451802
2452065
2451607
2451991
2451679
2452109
2451940
2451469
2452009
2451776
2452219
2451920
2451513
2452226
2451878
2452181
2451950
2451591
2451864
2452248
2451697
2451193
2451087
2451093
2452559
2451171
2452603
2451446
2451410
2451049
2451200
2452392
2452161
2452318
2451511
2451734
2452013
2452420
2451465
2451659
2452207
2451645
2452085
2451946
2451097
2451005
2450822
2451189
2451075
2451009
2450910
2451212
2452507
2452609
2451350
2450866
2451163
2452296
2451912
2451830
2452352
2451906
2452111
2452476
2452039
2452270
2451722
2452017
2450818
2452501
2452601
2451260
2452511
2451208
2451123
2450906
2450860
2451067
2452567
2451898
2451816
2452133
2452428
2452087
2451716
2451693
2451954
2452057
2452400
2452450
2451782
2451503
2451854
2452266
2452344
2451453
2451092
2452514
2451267
2450974
2451365
2452620
2451273
2452186
2451863
2451807
2451556
2452365
2451753
2452475
2451986
2452409
2451536
2451897
2452431
2451869
2452156
2452309
2451719
2451530
2451480
2451953
2452120
2450859
2450996
2452610
2450865
2451144
2452534
2451287
2451277
2451062
2451154
2451259
2452243
2451859
2452289
2452118
2452479
2451478
2451849
2451787
2452427
2452052
2451484
2452263
2451150
2452528
2452612
2451066
2451347
2451084
2450966
2451482
2451656
2452214
2452383
2451789
2452004
2451666
2452162
2452106
2451152
2450873
2451357
2452582
2450968
2451441
2452516
2452608
2451070
2450988
2451044
2450939
2451136
2451959
2452379
2452313
2451526
2452166
2451965
2451476
2452060
2452110
2451815
2452010
2451779
2452291
2451857
2452216
2451426
2451161
2452611
2451125
2451448
2451011
2451073
2451191
2451404
2451007
2451286
2452581
2452360
2451653
2452478
2451838
2452416
2452203
2452047
2452262
2451663
2451613
2451828
2452412
2452462
2452487
2450832
2450918
2451246
2452587
2451324
2451338
2452521
2451308
2450924
2450949
2451103
2451003
2452631
2451962
2452069
2452151
2451934
2452223
2451780
2451629
2452320
2451977
2451936
2451993
2451746
2451718
2452157
2451790
2452007
2451623
2451537
2452533
2451312
2450928
2452583
2451334
2451055
2452625
2452569
2452491
2451434
2452589
2450989
2452563
2451571
2452342
2451999
2451533
2452073
2451840
2451627
2451942
2451886
2451527
2451330
2451408
2450932
2452529
2451029
2451224
2452623
2450890
2452539
2452485
2452051
2452282
2452456
2452382
2451575
2451647
2452438
2451798
2451760
2452143
2451832
2452508
2451042
2450919
2451303
2451381
2450883
2451329
2451002
2451447
2451263
2450879
2451186
2451227
2450889
2452104
2451628
2452222
2451582
2451725
2452068
2451602
2451458
2452459
2451919
2452381
2451925
2452078
2452042
2451371
2452590
2451421
2451215
2451160
2450954
2450849
2452544
2451134
2452498
2452488
2452064
2451680
2451803
2452249
2451462
2452102
2452285
2451662
2451751
2451843
2452433
2451921
2451275
2452494
2451156
2450927
2450972
2451331
2451050
2450835
2452640
2452594
2451140
2452584
2452076
2451871
2452429
2451968
2452411
2452345
2451984
2451755
2452220
2451594
2451672
2452184
2450946
2452618
2451207
2452546
2451235
2451425
2451351
2450829
2451126
2451090
2451323
2451369
2452307
2451486
2452182
2451775
2451972
2451785
2452425
2451698
2451554
2452363
2451988
2451548
2452277
2452455
2451498
2451376
2452519
2451398
2450991
2451214
2452633
2450908
2451292
2451089
2452591
2451155
2451358
2451204
2451053
2451314
2450848
2451930
2451507
2452193
2452119
2452406
2452063
2452324
2451597
2451497
2452137
2451730
2452304
2451563
2451541
2452376
2450987
2451266
2450868
2451288
2450993
2452509
2451226
2451262
2450898
2452549
2451177
2451328
2451987
2452346
2451521
2451724
2451685
2452446
2451639
2451583
2451862
2452141
2451593
2452274
2452258
2452043
2452252
2452213
2451459
2451896
2450850
2452547
2452605
2452543
2451340
2452635
2451589
2451902
2451958
2452326
2451549
2451764
2452189
2452167
2452398
2451555
2452629
2450854
2451310
2451388
2451274
2452639
2451336
2451244
2451013
2451428
2452513
2451167
2451944
2452215
2452256
2451872
2451995
2452185
2451910
2451631
2452244
2452093
2452071
2451687
2452394
2451754
2452035
2452472
2451473
2451211
2450863
2451247
2452642
2451036
2451217
2451114
2452564
2450817
2450899
2451102
2450853
2451076
2451309
2452520
2451401
2452574
2452275
2452321
2452012
2451935
2451510
2451684
2451881
2452265
2452114
2451664
2452048
2452084
2452437
2451608
2451449
2451124
2452554
2451221
2451299
2451361
2450970
2450893
2451405
2451190
2451305
2452371
2451905
2452417
2451606
2452036
2452018
2451915
2451618
2452180
2451612
2452341
2452391
2451512
2451106
2451184
2451225
2452600
2450855
2451239
2451445
2451000
2451265
2451094
2451291
2451610
2452040
2451692
2451646
2452311
2451917
2452132
2451558
2452317
2451508
2452014
2451811
2452273
2451307
2452526
2450845
2451096
2450913
2451198
2451116
2452562
2451172
2451514
2452261
2451821
2452000
2451616
2451867
2452441
2452194
2451604
2452188
2452138
2451907
2452419
2452369
2450955
2450836
2451069
2450830
2451047
2451139
2452571
2450981
2451135
2451414
2450930
2452314
2452268
2451966
2451579
2452242
2452025
2452175
2451619
2451786
2452003
2452081
2450882
2452565
2452615
2451452
2450977
2451272
2452493
2450878
2451436
2451077
2452577
2451131
2451475
2451880
2452197
2451908
2452059
2452121
2451481
2452464
2451874
2451846
2451695
2452308
2451740
2451918
2452330
2452099
2451440
2451278
2452619
2451356
2451256
2451153
2452527
2450872
2451091
2451294
2450828
2451268
2451378
2450912
2451866
2451699
2452129
2451671
2452055
2452470
2452388
2451661
2451794
2451577
2452368
2452290
2451605
2451836
2451655
2452234
2452440
2451051
2450973
2451316
2451151
2450951
2451157
2451290
2450967
2450870
2452613
2450834
2451264
2451585
2451788
2452205
2451529
2451483
2451888
2451979
2452294
2451709
2452149
2452238
2451985
2450827
2451170
2451289
2452592
2450833
2452502
2451130
2451391
2451030
2451355
2451674
2452375
2451853
2451835
2451586
2451494
2451572
2452231
2452170
2451875
2452259
2452337
2450937
2450990
2451082
2452580
2451180
2452626
2451205
2452570
2452616
2451578
2452008
2451980
2452279
2451524
2451757
2452233
2452443
2451931
2452377
2451737
2451590
2452413
2451668
2452174
2451879
2452074
2451403
2450841
2452622
2450950
2451311
2452578
2451100
2451281
2452500
2451038
2451429
2451245
2452638
2452339
2451827
2452257
2452204
2451927
2451817
2451456
2452178
2452473
2452112
2451961
2452020
2451933
2451783
2450923
2451074
2451188
2452496
2450929
2451363
2452598
2451034
2450839
2451341
2451295
2452588
2451451
2452542
2452435
2452026
2451749
2451998
2451614
2451542
2451913
2451504
2452016
2451851
2452116
2451626
2451119
2451342
2451420
2450858
2451258
2452489
2450892
2451181
2452627
2451442
2450971
2451232
2452019
2451635
2451553
2451720
2452037
2452191
2452452
2451625
2451904
2451858
2451641
2452354
2451691
2451714
2451669
2451772
2452298
2451115
2451394
2451252
2452593
2450940
2451416
2451121
2452637
2451031
2451390
2450852
2452115
2452474
2451711
2451762
2452402
2451824
2452171
2452230
2451796
2452380
2451573
2451587
2452049
2451019
2450900
2451133
2450894
2450983
2450856
2451137
2451071
2450953
2452250
2452424
2452332
2451748
2451515
2452306
2451728
2452454
2451677
2452276
2451892
2451989
2451683
2451850
2452145
2451505
2452551
2450896
2451001
2451438
2450979
2451402
2451041
2452557
2452585
2451372
2451141
2450957
2452641
2451254
2451195
2451539
2451969
2451844
2452384
2452041
2452123
2451545
2451810
2452221
2452199
2451601
2451339
2450905
2452558
2451014
2451375
2450958
2451345
2451395
2451048
2451437
2450843
2451763
2452449
2451464
2452293
2452140
2452022
2451638
2452032
2452393
2451819
2451970
2451516
2451847
2451658
2451010
2450960
2451271
2450837
2451249
2450931
2451415
2450903
2451231
2452524
2451387
2451433
2452606
2450944
2452090
2451767
2452062
2451550
2451839
2452269
2452164
2452146
2451773
2452469
2451562
2451640
2452024
2452572
2450891
2451261
2450877
2451367
2450933
2450897
2451128
2451393
2451194
2451327
2450943
2451040
2452168
2452439
2451771
2451522
2452239
2452070
2452445
2451636
2451502
2452142
2452401
2451761
2451435
2451257
2451279
2451054
2451018
2450851
2450952
2451251
2450885
2451269
2452506
2452552
2450857
2451642
2452072
2451713
2451560
2452044
2452343
2452287
2451460
2452128
2451801
2451654
2451759
2452349
2451765
2451943
2451083
2450914
2451242
2452607
2450920
2451304
2450874
2451109
2452535
2451479
2451551
2451812
2451707
2452153
2452390
2452340
2451956
2451914
2452131
2451736
2451216
2452515
2450959
2451374
2450904
2451105
2451400
2452621
2451021
2452246
2452448
2452105
2451609
2451531
2451517
2452436
2452135
2452458
2451818
2451665
2451234
2451183
2451322
2450999
2451422
2451396
2451117
2451296
2452083
2451489
2451820
2451973
2452286
2452183
2452127
2452224
2451561
2452201
2451922
2452418
2452011
2451471
2452362
2451101
2451238
2450876
2451352
2451057
2452573
2450824
2451418
2451095
2451326
2451392
2452179
2452410
2451916
2452300
2451703
2451742
2451926
2452031
2451657
2451611
2452338
2452322
2452107
2451732
2452316
2451509
2451523
2452113
2451960
2452636
2451417
2451325
2451431
2450869
2451064
2452630
2451237
2452602
2451158
2452492
2450976
2451781
2451710
2452196
2451769
2451622
2452006
2451741
2451700
2452359
2451566
2452206
2452387
2450909
2450831
2451343
2451315
2450821
2451706
2452136
2451496
2452325
2452407
2451990
2451885
2452192
2451506
2451823
2451829
2452202
2451078
2451439
2451409
2451178
2452628
2450984
2450881
2451255
2450871
2451166
2450917
2451373
2450994
2452467
2451745
2452385
2452229
2452030
2452086
2451574
2451945
2452096
2451584
2452329
2451883
2452034
2452267
2451727
2452148
2451733
2451580
2451911
2451024
2451229
2452568
2450982
2450823
2452624
2451335
2451285
2451004
2452532
2450867
2451162
2451532
2451877
2452126
2451903
2451670
2452333
2452100
2452082
2452144
2451682
2452271
2451676
2452405
2451470
2451982
2451576
2451033
2451320
2450936
2452617
2450846
2451332
2452147
2452232
2451848
2451756
2451766
2452432
2451842
2451535
2451997
2452284
2451900
2451975
2451037
2451380
2451302
2452537
2451015
2450888
2451354
2451059
2451236
2450934
2452503
2451834
2451649
2451852
2452236
2452023
2452095
2451501
2451547
2451952
2452386
2452358
2451924
2452302
2452177
2452280
2451147
2451284
2451111
2450938
2451045
2450884
2450838
2451199
2451081
2452599
2452378
2452460
2451487
2452045
2451876
2452027
2451643
2452434
2451856
2452089
2451814
2452117
2451758
2452067
2451800
2451633
2450840
2452495
2451169
2450942
2451085
2451382
2451218
2450985
2451667
2452097
2451493
2452254
2452228
2452169
2451673
2451467
2451938
2452372
2451804
2451882
2452163
2450992
2451142
2451086
2451164
2452486
2452548
2451283
2450935
2451020
2451058
2452403
2451891
2451809
2451592
2452150
2452319
2452160
2451520
2451474
2452176
2452098
2451791
2452212
2451797
2451644
2451138
2451088
2452504
2451046
2452560
2451399
2451349
2451068
2451427
2452596
2451098
2451006
2450980
2451359
2451072
2452218
2451468
2451813
2451895
2451678
2451967
2452397
2451568
2452080
2452002
2452335
2451974
2451901
2451996
2451715
2452227
2451690
2451793
2451353
2451389
2451028
2451203
2452566
2452512
2452538
2451455
2452556
2451419
2451209
2451994
2451717
2451492
2452301
2452283
2451899
2451472
2451650
2451686
2452198
2452092
2452245
2452295
2451939
2452323
2451889
2452056
2452604
2451182
2451146
2451379
2451397
2452634
2450998
2450962
2451795
2452200
2452225
2452389
2452172
2452415
2451588
2451949
2452297
2451929
2452477
2451248
2450864
2451197
2451220
2451270
2452561
2451175
2451370
2451432
2450820
2450902
2451017
2452442
2452396
2452278
2451981
2452091
2452370
2451792
2451750
2452468
2452053
2451822
2451463
2452209
2451569
2451344
2451065
2450862
2450965
2450826
2451043
2451149
2451318
2451282
2450816
2451603
2452264
2452033
2451557
2452374
2452292
2452187
2452079
2451868
2451768
2451362
2450969
2451406
2451061
2451384
2450922
2450947
2451450
2451127
2452553
2452481
2451222
2452517
2451035
2451424
2452211
2451617
2451784
2451948
2452101
2451461
2452414
2451774
2451689
2451705
2452139
2451778
2451983
2451599
2452061
2452348
2451964
2451179
2451444
2451366
2451079
2452523
2451185
2450995
2451454
2451300
2450916
2452595
2451039
2451770
2452005
2451870
2452159
2451565
2451744
2451826
2452466
2452272
2452422
2451860
2452444
2451637
2451726
2451559
2452366
2451651
2450964
2450941
2451192
2450986
2452576
2452530
2450948
2451104
2452058
2451909
2451735
2452237
2452347
2451963
2452281
2452303
2452134
2452028
2451694
2452465
2451825
2451992
2452540
2451321
2451118
2452482
2450915
2451233
2451016
2451443
2451333
2451026
2450921
2451731
2451777
2451624
2452453
2452108
2452351
2451652
2451721
2452361
2451634
2451865
2451490
2452299
2451951
2451957
2450978
2451056
2452522
2451022
2451317
2452550
2450819
2451112
2452484
2451219
2451383
2450956
2450861
2451122
2450907
2450825
2451955
2451873
2451528
2452357
2451564
2452158
2451518
2452255
2451702
2452457
2451538
2452395
2451855
2451861
2451708
2451978
2451110
2451413
2450901
2451132
2451313
2452480
2451423
2450911
2451008
2452154
2451660
2451831
2452461
2451488
2452251
2452210
2451739
2451632
2452066
2452399
2452038
2451837
2451598
2451704
2452241
2451729
2452088
